0.08485285782156843
0.07731476379697602
0.07044633326967072
0.06418807518022347
0.05848578349096065
0.05329006767919748
0.04855592494015852
0.04424235039421168
0.040311981922217105
0.036730776552725115
0.0334677155980432
0.030494535985202402
0.027785485454739984
0.02531709950694772
0.023067998163600573
0.02101870078481334
0.019151457337057327
0.017450094650861354
0.015899876336554992
0.0144873751447109
0.01320035666573381
0.012027673361257494
0.01095916800950023
0.009985585728268926
0.009098493813597012
0.008290208699696777
0.0075537294075883245
0.006882676905968802
