0.11109606583131462
0.10122659753644844
0.09223390560350375
0.08404009963698438
0.07657420880945501
0.06977156714618599
0.06357325341941573
0.05792558080086332
0.05277963185210508
0.048090834825124926
0.04381857760315557
0.03992585593795168
0.036378952936694034
0.033147147022393804
0.030202445838289668
0.027519343791444797
0.025074601135502528
0.022847042679121056
0.02081737437659615
0.018968016212067312
0.01728294992983054
0.015747580291870386
0.014348608660890588
0.013073917813879652
0.01191246698852197
0.010854196253396464
0.009889939373663132
0.009011344417521999
0.008210801415775276
0.007481376447914756
0.006816751583819521
0.006211170160867618
0.005659386922478427
0.005156622586209402
0.0046985224478979385
0.0044770981040766385
