0.0020200927661471
0.0008206384602069632
-0.0022404641738827573
-0.003765017882548111
-0.0015587187198354527
-0.0018970647255641387
0.00044555288612532036
0.0005591044023484054
0.0005305892618743119
0.004057164080960416
-0.00019386223478875714
-0.0009708316556005367
-0.0023841255412658333
-0.002958873547510707
-0.0031768604130805846
-0.000910252963711519
0.0013523992848263778
-0.0015234225995235842
0.001063109066567384
-0.0019784011666116805
0.00044555288612532036
0.0023351380274139705
-0.002287274903223369
2.7659751747407383e-5
-0.005972859826848118
-0.0058716161430620445
-0.004087522218178818
0.0028922791781293617
0.002062518104841991
0.0009404537264763908
-0.0013859283292657694
0.000791072354436245
0.002062518104841991
0.0023351380274139705
0.003929255315505918
0.0028922791781293617
0.003651550513119999
0.004072246825708202
0.0011572843408107479
-0.0002773183958375165
0.004578936967796765
0.0037889461507704023
0.000910252963711519
0.0014539698693314834
0.0015944181462416817
0.0028922791781293617
-0.002649037283695402
0.001032150967275194
-0.0002773183958375165
-0.0014539698693314834
-0.001063109066567384
0.0043637972551384295
0.0028922791781293617
0.0011572843408107479
0.0016305397651192974
-0.0028922791781293617
-0.0017796677513755134
-0.0015944181462416817
0.00383818507959741
0.0018573495847248127
0.002958873547510707
0.0021946403711378447
-0.0018573495847248127
0.0012862560832678789
0.0005877131981836855
0.002958873547510707
-2.7659751747407383e-5
-0.001094277805731785
-0.002105719729962579
-0.0006452337113518989
0.00038923504855172794
0.0009708316556005367
-0.004424014014320348
-0.002105719729962579
0.000850352604852696
0.001488511942729284
0.0005591044023484054
0.002149743771732012
-0.0011256663754285997
0.003341427711206972
0.003256880582364387
-0.0010013946676439586
-0.0007323575625311991
0.0007616475642294702
0.0003331695999621867
0.004403575846428314
-0.0036299799471334773
0.0025930444043532116
-0.0011256663754285997
-0.0016305397651192974
0.002062518104841991
0.0036299799471334773
0.0023351380274139705
-0.001189141667474031
0.002649037283695402
-0.002105719729962579
-0.003431184926271692
0.0012536164398599516
0.0005305892618743119
0.000850352604852696
0.00011068249433919966
-2.7659751747407383e-5
-0.0016305397651192974
-0.00038923504855172794
-0.0027067894719482967
0.0009708316556005367
-0.004166999322780199
-0.0012212487495073872
-0.003341427711206972
0.00036117318493899636
0.0018970647255641387
0.0025930444043532116
0.00047381868738612104
-0.0031768604130805846
-0.0002773183958375165
0.0015587187198354527
0.0018182270493228513
-0.0006164211071936658
-0.0009404537264763908
0.001063109066567384
0.0028922791781293617
0.0013859283292657694
0.0008206384602069632
-0.0023351380274139705
0.001488511942729284
-0.002538672812304609
-0.0002494614895025608
0.0006741567254774692
0.002105719729962579
-0.0017796677513755134
-0.003929255315505918
0.0006452337113518989
-0.0027664573488529456
0.00038923504855172794
0.0012212487495073872
-0.0002494614895025608
-0.0002773183958375165
-0.004678724960173287
0.001189141667474031
-0.0017796677513755134
-0.0003331695999621867
0.0013859283292657694
0.0007616475642294702
-0.00019386223478875714
0.0038764088347237992
0.004818673334593174
0.0005591044023484054
0.00044555288612532036
0.002649037283695402
0.006180670767684786
0.0039025523573360268
-0.0007323575625311991
0.002538672812304609
0.0025930444043532116
-0.006888503532302838
-0.003341427711206972
-0.005093424256769079
-0.005692188560741835
-0.006269287650049287
0.0003331695999621867
-0.005093424256769079
0.0070972528198050885
0.003929255315505918
-0.007147790957290753
-0.003341427711206972
-0.0013523992848263778
-0.002105719729962579
-0.0015944181462416817
-0.0014539698693314834
0.001063109066567384
0.002149743771732012
0.0037889461507704023
0.002958873547510707
-0.00038923504855172794
-0.0013859283292657694
0.0
-0.0011256663754285997
-0.0012536164398599516
-0.0012212487495073872
0.00038923504855172794
-0.0011572843408107479
0.0008206384602069632
0.0036299799471334773
0.0019374039698626336
-0.0005591044023484054
0.000910252963711519
0.0009708316556005367
-0.0017041308946210382
-0.0006741567254774692
-0.001094277805731785
-0.002434316886214013
-0.0027664573488529456
-0.0008802217208698802
0.0042701210864870675
-0.003341427711206972
0.002149743771732012
-0.0021946403711378447
0.0031008118319101876
-0.003341427711206972
0.0003331695999621867
0.0023351380274139705
0.0018573495847248127
-0.00047381868738612104
-0.0006164211071936658
0.0016671035966489142
-0.0030282769411387298
-0.0031008118319101876
-0.005054546697618452
-0.00044555288612532036
-0.0017041308946210382
0.004732437844184966
-0.002062518104841991
0.0011256663754285997
0.00141978038798807
-0.008082135633522253
-0.0008802217208698802
0.00030521956074264597
0.0010013946676439586
0.0017041308946210382
0.0005591044023484054
-0.00011068249433919966
-0.0005305892618743119
-0.0003331695999621867
-0.00016611088401359957
0.0005021624348478862
-0.000850352604852696
0.002105719729962579
0.0025930444043532116
0.001488511942729284
-0.0002773183958375165
-0.00036117318493899636
-0.001063109066567384
-0.0001383857765539241
-0.0013859283292657694
0.003527006266398483
0.004603012454530238
0.0013191795520138357
-0.0012862560832678789
-0.0009404537264763908
0.0011572843408107479
0.00011068249433919966
0.0038635385108092397
-0.0006164211071936658
-0.0015587187198354527
-0.004760381430583553
0.0016305397651192974
0.003813328333572557
0.0005877131981836855
0.0019784011666116805
-0.0023351380274139705
0.00044555288612532036
0.0038507982655275486
-0.0013523992848263778
-0.0053161661210272635
-0.00011068249433919966
-0.0006164211071936658
0.00036117318493899636
-0.0006164211071936658
0.0007616475642294702
0.005900703976958124
0.0042701210864870675
-0.003915832173496258
0.0015944181462416817
0.0012212487495073872
0.0002773183958375165
-0.00038923504855172794
-0.0007616475642294702
0.0005591044023484054
-8.299664348213402e-5
0.00011068249433919966
-0.0023351380274139705
0.00041735999103823684
-0.0018970647255641387
-0.0005877131981836855
-0.0018970647255641387
-0.0008802217208698802
-0.0005591044023484054
-0.0030282769411387298
-0.0064640352664727604
0.0037070594002099645
0.00044555288612532036
0.00141978038798807
-0.0031008118319101876
0.002538672812304609
0.0013859283292657694
0.00016611088401359957
0.001189141667474031
-0.0002494614895025608
-0.00141978038798807
-0.0020200927661471
0.0005591044023484054
0.0017041308946210382
0.0018573495847248127
0.0017416442573701383
0.002062518104841991
-0.0010013946676439586
-0.002538672812304609
-0.0018573495847248127
-0.0017796677513755134
-0.0019784011666116805
0.001488511942729284
-0.0005591044023484054
0.0027664573488529456
0.005941155565844277
-0.0017416442573701383
0.000850352604852696
0.004555394411098168
0.0010013946676439586
-0.00038923504855172794
-8.299664348213402e-5
0.0018573495847248127
0.0007031960063837168
0.00041735999103823684
0.005017177248370537
0.0016671035966489142
-0.006757029191310894
0.00498119331794821
-0.005367947069462525
0.00720238067653752
0.009321831947954507
0.005707728383838605
0.007147790957290753
0.007147790957290753
0.0025930444043532116
0.0012862560832678789
0.005920681135248128
0.001094277805731785
0.00030521956074264597
-0.012494340866033207
-0.012994895294208223
-0.01729611414690079
0.002538672812304609
-0.0039025523573360268
-0.0028282191241334447
0.0015944181462416817
0.005781401395080898
0.016639790680876357
0.016541804516326482
0.017005764027835737
-0.022690914319803662
-0.023579818036820212
-0.020361374611620284
0.014341863108647882
-0.011926970531929102
-0.013623047689114912
-0.01348622052483877
-0.013389962966564887
-0.01323638701615408
-0.004532359135115129
-0.005684523270590796
-0.0057986834033826205
-0.005825292405006508
-0.0052671563438336615
-0.0052671563438336615
-0.005611408562307797
-0.005684523270590796
0.006317689951365412
-0.0008802217208698802
-0.009836677536693253
-0.00494648692220459
-0.002649037283695402
-0.004678724960173287
-0.005220614298068603
0.00498119331794821
0.0017041308946210382
0.0028922791781293617
0.0022404641738827573
-0.00019386223478875714
0.0007616475642294702
-0.014239896255778369
-0.011084036705717741
-0.0012212487495073872
0.003527006266398483
-0.0027664573488529456
0.0005591044023484054
0.003651550513119999
0.0016671035966489142
-0.007050183112489016
0.004013018038449357
0.0012862560832678789
-0.0025930444043532116
0.0005877131981836855
0.0017041308946210382
0.002958873547510707
0.003256880582364387
0.0012212487495073872
0.0023841255412658333
-0.0012862560832678789
0.0011572843408107479
-0.00030521956074264597
0.005684523270590796
0.0037532178844601836
0.004912962435247933
-0.000910252963711519
0.000791072354436245
-0.0030282769411387298
-0.0027664573488529456
-0.0048805347591655765
0.0023841255412658333
-0.0014539698693314834
0.00044555288612532036
-0.003256880582364387
0.00019386223478875714
0.0025930444043532116
0.0021946403711378447
0.0023841255412658333
-0.000910252963711519
0.0018970647255641387
0.0017041308946210382
-0.0007323575625311991
-0.001094277805731785
0.0006741567254774692
0.0012862560832678789
0.00022164427612220554
0.00038923504855172794
0.0011256663754285997
-0.0019784011666116805
-0.0018182270493228513
-0.0002773183958375165
-0.0009404537264763908
0.003256880582364387
0.00011068249433919966
-0.0013191795520138357
0.0052671563438336615
0.0057235564784823365
-0.0003331695999621867
0.003527006266398483
-0.002958873547510707
0.00047381868738612104
0.002105719729962579
-0.007384089198369742
-0.007454935959533609
-0.0005591044023484054
-0.0015234225995235842
-0.0017041308946210382
0.001032150967275194
0.0005305892618743119
-0.003341427711206972
0.0019374039698626336
0.0012536164398599516
-0.0010013946676439586
-0.0019374039698626336
0.0010013946676439586
5.532384935935378e-5
-0.0018970647255641387
0.00036117318493899636
0.00047381868738612104
-0.0016305397651192974
0.0009404537264763908
-0.0017416442573701383
0.003527006266398483
0.0015234225995235842
0.0017416442573701383
0.0007323575625311991
0.0014539698693314834
0.0016671035966489142
0.0022404641738827573
-0.002287274903223369
-0.003341427711206972
-0.0030282769411387298
-0.0027664573488529456
-0.0025930444043532116
0.002538672812304609
-0.001488511942729284
0.0053161661210272635
0.004217409358009226
-0.005017177248370537
0.0008206384602069632
0.0015234225995235842
0.002105719729962579
0.00030521956074264597
0.0011572843408107479
-0.0014539698693314834
0.0002773183958375165
-0.0025930444043532116
-0.003718447100255676
-0.0008802217208698802
0.0009404537264763908
-0.0002494614895025608
0.00038923504855172794
0.0006452337113518989
0.00019386223478875714
0.004578936967796765
0.0031768604130805846
0.0031768604130805846
-0.006572379254300979
-0.0043637972551384295
-0.0025930444043532116
-0.0027664573488529456
0.00047381868738612104
0.004288245735386496
0.0031008118319101876
0.004532359135115129
-0.0005021624348478862
0.0016305397651192974
-0.00030521956074264597
2.7659751747407383e-5
-0.0007616475642294702
0.00047381868738612104
-0.0027664573488529456
0.004118674156270916
0.0023841255412658333
0.002062518104841991
0.0005591044023484054
0.003942825418479189
0.0007031960063837168
0.0064640352664727604
0.00498119331794821
0.00044555288612532036
0.0022404641738827573
-0.0013191795520138357
-0.00016611088401359957
0.002434316886214013
-0.0007323575625311991
0.001032150967275194
-0.0007323575625311991
0.0007323575625311991
-0.0010013946676439586
0.001189141667474031
-0.0001383857765539241
-0.00038923504855172794
-0.0006164211071936658
-0.0019374039698626336
-0.0002773183958375165
-0.000791072354436245
0.0001383857765539241
0.0007031960063837168
5.532384935935378e-5
-0.003431184926271692
-0.0042701210864870675
-0.002958873547510707
0.0013523992848263778
-0.0030282769411387298
0.0013191795520138357
-0.0006741567254774692
-0.0065494150852220675
-0.0012862560832678789
0.0005877131981836855
0.001063109066567384
0.002149743771732012
0.0028282191241334447
0.002649037283695402
-0.0027664573488529456
-0.0028922791781293617
-0.004487716866066311
-0.005422863581972779
-0.006223725342693413
-0.0021946403711378447
-0.003256880582364387
0.00036117318493899636
-0.002434316886214013
-0.002149743771732012
-0.0027664573488529456
0.0027664573488529456
0.002149743771732012
0.004252279964457742
-0.00030521956074264597
-0.00596215451284646
-0.015333761853447541
0.013569929151297946
0.0012212487495073872
0.005054546697618452
0.004627648560175076
0.002434316886214013
0.0013523992848263778
0.008666456814678872
0.006925560470464772
-0.008838665855697933
0.0017416442573701383
0.0018573495847248127
-0.00022164427612220554
0.009342966059504836
0.008672665369096081
0.00881398457798979
0.008591414913652885
0.008154100114613217
0.008873394819192944
0.008207390034019877
0.008038534276535059
0.007681580744695627
0.007583184937633107
0.007506826262548174
0.006572379254300979
-0.0013859283292657694
0.007471777518641215
0.0015587187198354527
0.00022164427612220554
0.0031008118319101876
0.0030282769411387298
0.002958873547510707
0.0027664573488529456
0.00022164427612220554
0.005481358693609357
0.003341427711206972
-0.005951587683624592
-0.0045098073328995805
0.005611408562307797
0.005017177248370537
0.002149743771732012
0.0034550129697877986
0.0015227941573573917
-0.0027137399307162443
-0.003942486053136725
0.00015591032014388416
0.0007795974256097916
0.0006209154500466063
6.53088369709741e-5
0.0012928146183817694
0.003611850654641349
0.0008179310230806996
-0.0017055502299649632
-0.003462936261550724
-0.001590696059878632
-0.0015248886285611316
0.0011690331057953418
0.002682642962685933
0.0013124079906050776
0.0030969643784972242
-0.0016475854004556396
-0.00016508301806710018
0.002966726494870454
-0.002543344034776686
0.0016372221113724042
-0.006270623406498469
-0.005492488697253133
-0.0020029862785828096
0.004770113780083773
0.004618390802543562
-4.4571336699155e-5
-0.003122949194731597
-0.0015876518304478065
0.0004926517195053306
0.002970476795607311
0.0030198570180157295
0.0019932558290800587
0.003147230151598283
0.0035817539632475564
0.001203858245085888
0.0008370566217714273
0.0022438757262268592
0.005618382643816215
0.0003158800114490604
0.0023921516405039293
0.0006565522357241923
0.0002274481819977951
-0.001499660323255561
0.0013308873965897634
0.00018028383336257992
0.0008904905037131635
0.002888972817952841
0.004379267239753919
0.004120280416307331
0.001719204822408933
-0.00022060525320464876
-0.0017111116062130873
0.0021384579887161236
-0.0017765215401175647
0.0019972587487554674
0.003351035353296298
0.003477687654354153
-0.001475655904136419
-0.0013433653531027192
0.0003319205648463922
-0.0001329094753543454
0.0007771235946693771
-7.989409553598856e-5
0.0006019372016228097
-0.00149426962114377
5.0439296514553026e-5
-0.0008518545614933463
0.0012925525174948128
-0.00434783517997773
-0.003300278632089038
-0.001031032873265393
1.541423053041202e-5
0.0010420083558478606
0.0025209116194462706
0.0013388408471468258
0.0029052355587970476
0.00138946157838624
-0.0010232266502460505
-0.0005885413472287834
-0.0021683901156878773
0.0013067437619950382
0.0020380606885332837
-0.005189121908355652
7.820291395055321e-5
0.0008380620990627512
-0.002036842404379783
0.002782168911479724
0.003961298602855004
-0.003451887558605299
-0.0016724851239635673
0.0014478364626518147
-0.0019268545368205609
0.0008448608851983616
0.0011391891780223801
-0.00015989202723327357
0.0007811962301004858
0.0005303295516222709
-0.001075738078228434
0.004111654833699053
-0.0027563043671646145
-0.0037138633664756445
-0.00022109060949247755
-0.0035928958175371908
-0.0024969926812046478
-0.0007086289512858724
0.0021071295326514816
0.003188182664342115
0.002597416482725098
0.0013839106242034972
-0.0033557451997240587
-7.624619441222422e-5
0.002771175441194842
0.002018563085978829
0.0009090786266677208
-0.0003634871787308073
-0.00024450775261404913
0.002538563653782384
0.0028364839686847677
-0.0004633225751044962
0.001288537579023442
0.003506628244203021
-0.004256893177462204
-0.0012579753990782272
0.0018546030122484655
0.0030142750353416336
-0.003995979233770533
-0.0009974656650027463
-0.0003383294709065589
-0.0008877803131881216
0.000166962691572892
-0.00020660966744767822
-0.0013666064698417072
-0.0008553887825831183
-0.005797429725876462
0.0022376000610561837
0.0033982269155202324
-0.0012759137354421126
0.002299451659979024
0.002214920949178772
-0.0018316337251924157
0.003150104320944531
0.005565412126614474
0.0016914075963344157
0.0005210890451187164
0.00269872071880808
0.006253895869539792
0.004644781275313308
-0.0006871255941421239
0.0006727465095750813
0.0007272642087792048
-0.00430006044934894
-0.0036403011631756426
-0.00481458947088991
-0.006848581407825065
-0.004886711681788874
0.00044222525834612377
-0.001834460331500941
0.0054900488013950016
0.0028012104334247554
-0.007697741338116226
-6.185927542742191e-5
-0.006295287507460074
-0.0036691247246025036
-0.0015155877691303986
-0.001815120138495152
0.00034811745892684737
0.001875618439355452
0.0029358113516525252
0.005214728882061014
-0.0007378991209296135
-0.0027961402071495106
-0.0009780975878866895
-0.0005902136573135674
-0.0022308073912524805
-0.0011447330420504092
-0.0020969665130787705
-0.000144014975019868
0.0005330979064109679
0.0007081286507559478
-5.720391133017214e-5
-0.0028341583344701914
-1.5568842966924885e-5
0.001555222817769739
-0.0008860333408458136
2.055997023038318e-5
-0.0006842002996348921
-0.004164061706798415
-0.0001650916674594525
0.0005857780142729108
0.0017858988001295839
-0.00038500690686492465
0.0020067366037812623
-0.0008108432945595188
0.0011693777950218082
-0.000505286152461135
-0.0007007048424038647
0.002592281465213871
0.004456862765906226
-0.0008943641063596041
-1.3321005932713346e-5
0.006294855538647252
-0.0028755811252153367
-0.0005675163809773817
-0.003556857458547212
-0.0010823523944760633
-0.0005976999906304326
0.0023149508567712443
-0.0019668224530082715
0.0034028439804730908
-0.001138211114892387
-0.006087979244362153
0.0007059701797379731
-0.0008214389405848762
0.0006775491400925626
0.000425592315695305
0.00014165735031758714
0.0008611816568367428
0.0021756371313080896
-0.0006087883178204704
0.0006911764148578788
0.0007708896619052177
-0.0006038981960320449
-0.00015638146510067426
0.00011732000482712505
0.000414736768472748
-0.0005890191997020995
0.0019092045247137825
0.0017370664255838845
0.0017812321757440248
-0.004870532666945673
0.0013452999425844097
0.0029396605710124
0.003322261812538889
-0.0008902452193438849
-0.0012501858532636542
0.002049021407030595
0.001589605213693732
0.0001960919619216773
-0.0015675185101685152
-0.0019095233114433897
-0.0025185129075387725
0.0014363789341748337
-0.00030609300057397924
0.0011551386859955525
4.7092289040030756e-5
0.0011792530354976902
-0.000556468337408258
0.003859314147618273
-0.0028310179184270552
-0.00339977629061255
-0.0009352970951101996
-0.00023919138997477495
-0.0006675158420968763
-0.0016302623563898663
0.002665869726281327
0.004026274721597077
0.004598193707758825
1.68642477587116e-5
0.0009836241804087025
-1.302343995243257e-5
0.0015501547571616036
-0.0004104502883591065
-0.001158087807791236
-0.0026357556791597697
-4.2002965686054e-5
-0.0005251654554995992
-0.00035145589891719586
-0.0007141673384454387
7.848352311859372e-5
0.0004759078579138682
-0.00017164279072556218
-0.0007054621373816493
-0.0006503462493236702
-0.0038283151963864146
-0.007446214761299839
0.004946773526909454
0.0018588001711223377
0.0012228749971157388
-0.0019233106471544148
0.0019624774307380258
0.0016551237573172043
-0.00038227508280922856
0.0017664640450735256
0.003358988322750318
-0.0011979495996583594
-0.0006661184051655341
0.00419019882428011
0.003501429041341713
0.0037158501897521074
0.003860216424423473
0.003712751945213005
-0.0007045443564989859
-0.0024691437183194526
-0.002737568641880375
-0.00135227498260556
-0.001811281639780925
0.00189919021838773
0.00167481924547041
0.0007373900213856865
0.0015087607788454717
-0.0026250533140378322
0.0005222048679160186
0.0029170950321055337
0.0003142167931411702
0.0007843282356576992
-0.00034956915558535497
0.0008482872194019381
0.0005120716695884728
-6.1013516719211195e-5
0.0029426356197865262
-7.481480439662017e-5
-0.008283358095187978
0.0035837783963440237
-0.006288834634291072
0.005138670159416888
0.008647821795434567
0.005330862163192072
0.006571222351038119
0.006613555603745218
-0.0004433959673552244
0.0006072692719008287
0.006570005236311431
0.0036074303779985223
0.003408135654298566
-0.011555164617510784
-0.01526899119049677
-0.017133174057989947
0.004959968349060661
-0.0030974249283719315
-0.0011060609646472753
2.2021598713502563e-6
0.0031274505655246405
0.015904371927853996
0.012449760559527264
0.012219871037902902
-0.017427172969255875
-0.017799366782567792
-0.014880911330554141
0.013381891513633514
-0.009563934511367223
-0.012810460837812697
-0.012755805476529818
-0.012764945017816193
-0.012844553436436383
-0.004772041324138617
-0.0057965697070916705
-0.005987623902478331
-0.00573691123285371
-0.005218738692967245
-0.0049571830505790995
-0.005471822572784507
-0.0052619016553393716
0.0032967201365503352
-0.0018641663405442484
-0.004128721059577963
-0.0046255382137611045
-0.0015677092969628027
-0.0025714505538796447
-0.004463671168162775
0.0031885781857702985
0.0016275639741207084
0.0007750371971599402
-2.7498857146604582e-5
0.0022911983736301927
0.002429492565616989
-0.016353849890792582
-0.013274111116573527
-0.0007457314034922603
0.005391662502795534
-0.0070892378931919405
0.0016442875012616957
0.0028033140035280428
0.0029223494329992236
-0.007099062353628641
0.004331103460021612
0.00027273322822605263
-0.003148048966212019
-0.0021084247382642035
0.0011591455202189227
0.006454682480101041
0.004511503152298938
0.001929390127106254
0.0029405274930185575
-0.003213657108781831
5.4074133813163686e-5
-0.0036284841114206565
0.0056698479496646685
0.0029133106100969045
0.0045174224538206695
-0.003183552726498859
0.0028113989855163323
-0.0031371682009341127
-0.0004333098750200698
-0.0025603207379671406
0.0030425990650623704
-0.0005203187929982048
0.0006597090074100536
-0.0026492094038673324
-0.001565564900763516
0.001904261500436537
0.00270530744264016
0.002104344279613259
-0.004664753814268897
0.0017740610350822296
-0.0013381250684556336
-2.8260698508861575e-5
-0.0017671571678232695
0.0021531516881057194
0.0025522707861879044
0.002524488697924934
-0.0003474244255728973
-0.0014750796260060326
-0.0025527536491207585
-0.000850819510171832
-0.0014869166787112272
-9.280674675333893e-5
0.0008688021601081277
-0.00014230189026485286
-0.0001119904179513605
0.004425648663250284
0.003657997870630033
0.0014718816783627204
0.004262161693037419
-0.0009361518821123516
0.0008947185059121778
0.0023343615480791243
-0.005659852812252058
-0.006265951354661366
-0.0003061965352892517
-0.0013687478557532443
-0.0009996778581407152
0.00011726367116955737
0.0021249750527717933
-0.002360775132388837
0.003481034762266694
0.00518768234571175
-0.003318337202812668
-0.0026798107143211256
-0.0018603955146247447
-0.0032925392561255914
-0.0007563604374672938
-0.0026232863106647915
-0.001308135558583176
-0.0033497170365329792
0.0005684549506359884
-0.0005215211804067565
0.0028263332785851934
-0.0023790843825827286
-0.00021499409989120266
-0.0005323127975463775
0.0009869716894730786
0.003179429384670819
0.0025213690549323697
-0.0013149484265662862
-0.0030871368113013315
-0.003021875627548343
-0.0033872291708714683
0.00010332330144240257
0.00012296645949753335
-0.0001670466459894468
0.005210926706609761
0.004278242647356927
-0.005354319628501116
0.0015078031499092283
0.0032720616991630896
0.0011405233517977412
0.0004412835143031558
0.00016275282121665601
-0.0013630428548769805
9.80878037381544e-5
-0.001955701102306813
-0.0004042500936005009
-0.003004982353018016
0.002280234234768478
0.0020971558906611224
-0.003347596133521548
-0.0012642043496004388
0.0007319638673292699
0.0025552693932687307
0.0004652614142834613
-0.00286801954476211
-0.007715562120314262
-0.006840754123620087
-0.004097680878187745
-0.0026570469807749952
-0.005709542879800462
0.0035175677788979584
0.003679640103879908
0.0010241488533528197
-7.413438962731818e-5
-0.00015480555007530474
0.0003561474563446399
0.0008361621745830155
0.001088949002373953
-0.0012645054259606268
0.0017310646106598363
0.0031672248886870525
0.00022048355524412148
0.00080358809969321
-0.004014326212294435
0.0031924893591374513
0.004059074946189631
0.0025975852815512948
0.0013688399652956893
0.0024374459108759162
0.0020695724333748672
-0.001561821382142291
-0.004368717011612321
0.0003501928704865436
-0.0024098843129653417
-0.0006173110706737356
-0.0013223112549313634
0.0014256567072700747
-0.0009799104181554632
0.00041439584656329756
0.0005406436006119095
-0.000546574261212267
-0.0015063086390790636
-0.00222356967936251
-0.00019124676618355262
-0.001843173955843181
-0.0020813296677305872
-0.0018758293395743863
-0.0020834325244684943
-0.0030263727944027934
-0.005052996486097242
-0.00404855723476121
-0.001517422463641043
-0.003099220143920687
-0.0003717118608849419
0.0009367236130509025
-0.0038507396008034657
-0.0003204108186167326
0.0006857189310318769
0.002304729511483604
0.002315260651745471
0.0024166693402159893
0.003773715245883128
-0.002927719876636981
-0.0017221571565886216
-0.005420883039682502
-0.005652576078810957
-0.005367258480186658
-0.002516040423870336
-0.0026019389468782384
3.941076067864322e-5
-0.0015624546894128038
-0.0014062611771680483
-0.0011481494524324082
0.002865669220032625
0.003649718711778627
0.004165538218186465
-0.0003842739465920968
-0.006124692564716105
-0.014213605840967654
0.008846412487763303
0.000924790333277891
0.0057523238305508834
0.0005430031741037171
0.0011080034277752377
-0.0013259570991270037
0.008656120962727947
0.0057190781525200424
-0.005354099450449475
0.0003209139851221852
0.0028779121851449175
0.0024473273005972225
0.010287568197808097
0.007116744164551675
0.007118105185630059
0.007113612286462367
0.00467351747844898
0.005111576830175318
0.005024384005234488
0.0038052753515491903
0.0030109865086892394
0.003968983902650222
0.00654607837450565
0.004422456400934821
-0.0022438520742939596
0.006228287504282325
0.00064686531727613
-0.0007087151037932058
0.001348454439032919
0.001211355895384552
-0.0022292960815608045
-0.0017699838964502098
-0.004455227513010447
0.005641776864457649
0.0021436329319858517
-0.0027762355826225224
-0.0019955375300291967
0.0021040800852923807
0.0031189598973368846
-0.0003233763379440808
0.0033637021270428867
0.002480546996176997
-0.002314611934989509
-0.001909294517078915
0.0001685473150455075
-0.003538472005959163
0.001555072892615145
0.0034980273804328392
0.004577165657715197
0.0031698342394762408
-0.0009283262320076162
-0.0038812560855018157
-0.0039852381037717875
-0.0021517360682587706
-0.0010941303274372822
-0.0021278143813879178
-0.0014762374279876742
-0.001068558307981317
-0.0003359793656333659
-0.0012310006951930376
0.00022208571349301604
0.002846331027688213
-0.0027225814329928867
0.0005147960303575817
-0.004916927211828748
-0.00430460630868348
-0.0019213886250626932
0.004816858835867705
0.004726531249896428
0.00015361237499259835
-0.0010652193932110011
0.002090759417297412
0.0007918048610795592
0.0039905585989866346
0.005816537533294288
0.0024015536166656797
0.0034920077214837583
0.0038992885753060974
0.0019518607427873428
0.0006824972423965431
0.0022306299265861308
0.004510347290991912
0.004049149202897493
0.0013500494347309859
0.001417783453990062
0.0035152796123606254
-0.003261245740198427
0.001294552469667764
-0.0008436490138668456
-0.0006207640508076289
0.0023089075911652945
0.0041791838704852554
0.0034948613958093646
0.0008088972799076927
-0.0009209471627673756
-0.0031034980527620895
0.001900409654201094
-0.0023195581665839187
0.0045537224092420375
0.004390165027740513
0.0038432492186409794
0.0006254908391278898
-0.0018187669648755433
0.0010677602871626765
0.0012403564458794674
-1.2227290327880003e-5
0.0015963469486388545
-0.00014697256498635028
-0.002320474170253916
0.0005751726114772288
-0.0001856786888501878
0.0021411838807481455
-0.0036429234387219964
-0.003548884640448863
0.00022263481839993797
0.0002481543910932799
0.0004411303148162375
0.0021637101034744977
-0.0021375581411266246
0.004650335291819075
0.0046529745888504075
-0.0015844761046174877
-0.0010631989176868918
-0.0007188053738232065
0.0010873587150469666
0.0021884511874965553
-0.006364408793722893
0.002040010368398293
0.0017747811231374842
-0.002135850930793652
0.002484144127924496
0.0034839701797386236
0.0006345232273506994
-0.0008690689841494676
0.002677075135574386
-0.001979310760366671
-0.005365594906234221
0.0031042320388365045
0.00017263113308337892
0.0006087525872657609
-0.0004074479170283064
0.0004969542484638141
-0.001103091130027028
-0.0006936268001403784
-0.0028811491269675497
-0.0007580145452676442
-0.0030131698301428308
-0.0005929281488198234
-0.002770452667404946
0.0018465025900372607
0.0030070998349938003
0.0028666877137130276
-0.00032218041042916183
-0.0017136888013822027
-0.0021368139762628596
0.0013639771033203548
0.0015956156827257586
6.79239701107125e-5
-0.0006485305539178932
1.750453836551098e-5
0.001525967994118083
0.002400454553583672
-0.0030158720861085363
-0.0004905459072239112
0.0021639427472707508
-0.003924422890111277
0.00022218927350183156
0.002318690162494527
0.0013048176391709508
-0.002381268065409546
-0.0009012730568889176
0.00011653201127848837
-0.0010241687412799892
-0.00013206957915149067
-0.0006331750004696063
-0.0016278545463849089
-0.00270016614777605
-0.0038612153334493227
0.000844913635557194
0.0029356157811118127
-0.0007643438921098714
0.0009718327781020406
-0.0011559679745272726
0.0013897072270777776
0.004396153439358174
0.005672927899400311
0.0038053057880585704
0.00023500011115352567
0.002509529556184356
0.006192589963183967
0.0046083494647069755
-0.001327742117725371
0.001498469322186821
0.0015916926221328073
-0.003352724655743645
-0.0032711053440640796
-0.004097489111760495
-0.005170417039011774
-0.0021907920071656886
0.0004063806493824572
-0.0005669506517279522
0.0055909154286756056
0.003910136055965138
-0.006705330236867472
0.004026927966088655
-0.0007083217032071374
-0.0021853382393919006
-0.0013875781681587124
-0.0005457049144358156
0.0014314799448616761
0.003056425844529528
0.0039591666461784285
0.0032407055680885415
6.27476496586346e-5
-0.0002775797513473257
-0.0003416490992273298
-0.0018935741362140204
-0.0014047723861867786
-0.0007959070203020095
-0.001107419115020038
-0.0008539610240207503
-0.0006509589868830558
0.004607153135342248
-0.0004109257062859137
-0.0016233687015678381
-0.00019682172102335438
0.0016205910893973094
-0.0017834410954749805
-0.0006360190571028121
-0.0005906589994251921
-0.002583835551043128
-0.002057206015358708
-0.0035161683319099336
0.004851825938116426
-0.0012285721057084548
0.0017181105734904013
-0.001054025531023812
0.000563501820796509
0.0010706103713207474
-0.00023789262534584273
0.002622350644654247
0.0010978983349185436
-0.00146491408707814
-0.0014126572937165894
0.000541540892808114
-0.003361818300911079
-0.003045103016065107
-0.0029651508267815297
0.0026968000113590687
-0.004205481599913687
0.0032476455963512795
-0.002377834551650717
-0.0008602946411486893
0.0022044082870544945
-0.006551923633008948
0.002281173769549762
0.0003925953346778686
-0.00018465772172627024
0.0018987965309808068
0.0004960353656444951
-0.0016940013852805936
-0.0005438919709420078
-0.0020484999263146488
0.0004209504059976279
0.0014989056617770616
-0.0005862910392127943
0.0014427548491009563
0.0021730056718410346
0.0009588592804782441
-0.0008903011337854058
0.0010064995407911613
0.0003076052114683118
-0.0001692662914033701
-0.005114953271235022
0.00109731121251745
0.0037802253242797835
0.0030490701977791547
-0.0014856351896818686
-0.002327046358692507
0.0012152807717686531
0.0005474140518509538
0.0008847519563589777
0.002637116669706093
-0.0018471658971764987
-0.002172489952714431
0.001404505010569816
0.0024912871429983744
0.0007067236255540864
-0.00014188211543469102
-0.001311332107952311
-0.002237281631502727
0.004009396617474027
-0.0023735474998481045
-0.003742947917903123
-0.0016984188378031638
0.00014016638506421066
-0.00028392248002385246
0.0008837449086109461
0.003539529453546936
0.0056722953953677775
0.004262241349139081
8.328315520931146e-5
0.0005128655714658231
-0.000566966152759039
-0.0005555781141421227
0.0004673403955560142
-0.0017950697297577074
-0.001482693054578689
-0.00019622089408356165
0.0030355863031648607
0.0003594118711509162
-0.00013513284347263496
-0.0020916017144328777
0.0014705156806712847
-0.005051059759656318
-0.0018207050967890693
-0.0016782973089257678
-0.003479542915490724
-0.003475593993867368
0.006267712297517602
0.002032056690784486
0.00214940200470355
-0.0025134158144334224
0.0005465629834753153
-0.0005144169774847213
-8.284586890077581e-6
0.0016496770396388608
-0.00036327758598120704
-0.0020263471439157794
-0.002279144382917805
-0.0010115520421829275
-0.0018691906598546752
0.0006401770955075215
0.00027089240487749563
4.4091403500641464e-5
0.001242009621521961
-0.0010707938640912473
-0.002011768995863879
-0.0009697624549566479
-0.0016241536370478244
0.0009403204600409798
-0.0006285813033710074
0.0027007000763717578
0.0029026182153595844
-0.002165645695418984
-0.0018060906570795707
0.004801416567655134
0.0002736934098434525
-5.537982186849429e-5
0.0007734492665359377
0.00020672654038448636
0.002577414497176041
0.00017198545020892593
0.0048182839448151025
0.002577740019444512
-0.006753502912184234
0.0036746761265539084
-0.00506459960575784
0.006614661262284454
0.007814620579686297
0.0063470295009478055
0.00732671805997568
0.007326956896235232
0.001301904548147412
0.0014229352020781205
0.007676879646216647
0.001507107474017458
0.0017339191377269273
-0.012137582519670977
-0.016811612637058316
-0.01765499503642687
0.000871172597886024
-0.0029248684630626717
-0.002596646039123205
0.001394250854173626
0.0038309190090109555
0.01628045349147582
0.015123228735422104
0.014485161024819476
-0.019149609667922837
-0.020143577762472456
-0.019338335461331343
0.013927632627779052
-0.011167655197447638
-0.013027836712066731
-0.013170979575843976
-0.012711935809068603
-0.012682120260815406
-0.00515923409268678
-0.0060051795052192295
-0.005393777877707101
-0.004999388776236002
-0.005821404299805821
-0.005211792133324033
-0.005338790766320392
-0.005246682233910679
0.00521584893462266
-0.0017670099645516154
-0.006577290830534353
-0.004708056703207318
-0.0012846598954656325
-0.0034403434553724986
-0.005115688522648678
0.0007811685639208485
0.00019853547651126855
0.0012407484574047188
0.0010400823429080705
0.003483365337469689
0.0024540804150871387
-0.01642305496357382
-0.010264644284348689
-0.0015321091044218234
0.003488071997904123
-0.006326856458864303
0.002638006506053062
0.003004645322475006
0.0006549225688744581
-0.007929314215097114
0.0053860695901411055
-0.0007026747468861667
-0.005269886419356925
-0.004558861676173333
-0.0014139016214355592
0.005239839654054916
0.004908755182213634
0.0020355612951366993
0.0014449166642237976
0.0001150089728468113
0.0013522756704881533
-0.00015632892343777624
0.004713367125988247
0.005450964915764115
0.0032102697075989464
0.0029907831868189383
0.002218900300738846
-0.004631964601934318
-0.0014595033787476838
-0.0012721800795213124
0.002919010342935083
-0.002490955671982292
-0.00011264532404891699
-0.003263999891204255
-0.0008662761650118876
-8.704579393330157e-5
0.0019700557110374018
0.0012833960884259127
-0.0023379477638126598
0.0024543866052579816
-0.0007417638629903157
0.0014099950372920415
-0.0037537968995129275
-0.00029701356215487966
-0.0001026748457667724
-0.0031601951670953356
-0.0007663454968977187
0.0017538791882219151
-0.00340486848667384
-0.00352368987115193
-0.0015281975276863124
-0.0021437937859273845
0.0021672255060930664
0.0028379959926612868
0.001254321475885097
0.005060334517013412
0.005200590619641243
-0.0009155964346095414
0.0030501772913631444
-0.0009746619956183952
-0.0005240424179029737
0.0017870995982205787
-0.0049333111517668275
-0.005153009387193665
0.0012434650688937041
-0.0022015983551626674
-0.0016242664015814533
-0.0012834332273062654
-0.0008711075692970085
-0.0020805337271635454
0.0029559247039514986
0.004354978182254539
-0.0021175520066762437
-0.003802376214236658
-0.0014303604063618366
-0.0011665556715584082
-0.0012313560175940678
-0.001714327777164325
-0.000930680928275775
-0.004010436005332115
0.00033782611979590795
-0.0014730845732289458
0.0015663623763582178
0.00040441389931629646
0.0017010943194547407
0.0019069930506830609
0.0015012674530538886
0.002659481573199923
0.0016403171238500971
-0.0016279149469722348
-0.0035538072482608637
-0.0035549196632235613
-0.00407108885190963
-0.0035301288464636804
0.0054050241395212925
-0.0005800981680498686
0.004338567135525179
0.0048073889735118155
-0.005486803599340007
0.0009154758359201441
-6.542216864900322e-5
-0.0007984836788728091
-0.0008620589705779049
0.0009221766224827503
-0.0007325558847212679
-0.00013600678308778435
-0.002738697493377641
-0.00035068901192373213
0.0019378102503020936
0.002315387484956039
0.0017613739742701094
-0.0009000499422153131
-0.0007191637994147852
-0.00032003732269458667
0.0024420113869133456
0.00272238428612402
0.0005925250449693495
-0.004937589792462469
-0.005607832516188905
-0.003027712032117124
-0.0022467327221872015
-0.002852021571786543
0.0012713532823186787
0.0017455360548140567
0.0008524204291000654
0.0003207538325958485
0.0015217287977296024
0.0009797814183599338
0.0008508347439789305
0.000645096732963724
-0.002208637254638023
-0.000699500039109837
0.0030702693114212864
0.0030832898490199025
0.002360430415370594
0.002779258732235323
0.0034591471326468927
0.0029894644218954936
0.004898184274763322
0.006748649612014382
0.0019499238365428162
0.002475554275872933
-0.0012611702551604195
0.00023234995622582204
0.002104093856593077
-0.001352311524126711
-0.0009226423386166455
-0.0010426443013421983
0.0006254201577249255
-0.0010913929557971672
0.0006107388909082081
0.000813700910896229
-0.0011269532048118118
-0.0011954728675632733
-0.0020025018293518175
0.0018067710700438175
0.0003268213791178917
0.0011540919044031183
-0.0001982719932529628
-0.0008041518973990939
-0.0037374088905915205
-0.004314119049885675
-0.00282913225057316
-0.00021726213898361443
-0.0035058817015546704
0.0005249244811347129
3.80861650227458e-5
-0.0035787262071702007
0.0005484099129044652
-6.613493335577212e-5
0.001831346963114696
0.0024540069091253825
0.0020325837092747467
0.0010839063786870998
-0.00420393475361416
-0.002712591204178239
-0.004334362111787666
-0.004668230466428241
-0.0037440850206732343
-0.0018242486007108212
-0.0024040694543041464
0.0016484874719573082
-0.001039343368165564
-0.0006508801204776996
-0.00035304327568562503
0.0034091052801252073
0.002644593882822494
0.0034462924130219653
0.002774289644022229
-0.005874690273727312
-0.014498107928978606
0.007969783656841926
-0.0006451155918710179
0.0045934085622379665
0.0020461802127757756
0.001556345676425807
0.0007847309079976921
0.00955883140274178
0.008972517056790032
-0.006416071385622335
0.00022169493897659215
0.0017806857197745667
0.0034641192605547257
0.011210599771323899
0.008800753125857909
0.008116927569155956
0.007168506385380825
0.007118209241043909
0.005583832253056529
0.005217867351120626
0.005240505718455844
0.003964170067848236
0.0025615404715848885
0.005460461110379004
0.0037863485793797357
-0.0038394221973516306
0.00451861445049515
-0.002064662519452295
-0.000972949140528237
0.0027413134619832446
-0.0018326171587264338
0.0011484481136100476
0.0014618096174799343
-0.002277624959624996
0.004704816617655452
0.0026014301313735068
-0.0031198118896912713
-0.001855446874734513
0.004703253753333903
0.004063577660380426
-0.0015436795425905292
0.0031391055348899462
0.003044794933019627
0.00012296111834275648
-0.003735625026461888
-0.0007099721412599002
-0.0005435259288984996
-0.001079969871437409
0.004867984920172368
0.001721499844132344
0.002174352875720885
0.0016544734918865866
-0.0007000643921177231
-0.002506770959083304
-0.0012092571513867847
-0.0006766276227626466
-6.823064215543075e-6
0.0005014304984661469
0.0007978248734286686
0.002122070150997848
-1.8760031479082385e-5
0.0012712172985164044
0.0023380844815743683
-0.003848109523043089
0.002657979106411761
-0.006425307589391963
-0.0033882065592841346
-0.003253732013413666
0.003024839894358403
0.002581738611044533
-0.00022827489964122392
-0.0021306937735188296
0.0031623841053400456
0.0014926976558166881
0.0027021792963798055
0.003647537713837688
0.0019867296225349468
0.003948820562783198
0.004019383161464136
0.00138451985138915
0.0023707358011789046
0.002678666406404259
0.0035286158336706136
0.0015839838185995624
0.002081135711653005
0.0011757875012321098
0.0013072924688358207
-0.00392524052669408
-0.0011781234486781347
-0.0004386391230312302
-0.0003433597031805561
0.0018625695538791501
0.0037611748860470868
0.002727667386929789
0.0013604051572382503
-3.423969488181664e-5
-0.0027994439519370778
-0.002911746000736379
-0.000518467651397461
0.0030899253461500304
0.0031807608359912384
0.002173949340274565
-0.0012304713094737543
-0.0021016417051887117
0.0008256621737713657
0.00037888429712105276
-6.944648122087127e-5
-1.7792583878131391e-6
0.0009341520032250459
-0.001141103039707217
0.0016385176013880263
-0.00032530977636388087
0.001361643655240812
-0.005442206052181493
-0.0028871973253499204
-0.0015538639241384593
0.00035909811390306935
0.0019734164711468745
0.0023787657612699097
-0.0015495463892026536
0.0020989351371536224
0.0025936283159144063
0.0024073412278056783
-0.0020122590339660003
0.00021975611620151658
0.0016846488405616268
0.0008903681223077232
-0.004183178899923832
-0.0005391285854639362
-0.0013060351112922897
-0.001053024335873215
0.0024665370766690405
0.0027264273160532188
0.0010237403363481834
-0.0014247531350394986
-0.00022145301827203214
-0.0020356439087692276
-0.00426729236296265
0.0001869275871237673
0.003605249337279036
0.002042731533099106
0.000828662378103024
0.0007815427843925384
2.8935212784819383e-5
0.0002605348772051937
-0.0025325867201100856
0.001688956276081742
-0.0012505749968550744
-5.4665538829343455e-5
-0.0023981958950748668
0.0016973143065607346
0.002555215101379617
0.0038359826113644195
0.0013168716719277706
-0.0014413237725864688
-0.0013320179675419853
0.0028777255856954863
0.0025912318835587113
0.002467039327364623
0.0011237723575594164
1.2888004190925994e-5
0.003580907124944832
0.004032782687687484
-0.00040652404534013867
0.0001299696889794796
0.0034813398418515992
-0.003488977276076311
-0.002043397694366137
0.002850314050411398
0.00023304150969350577
-0.003399678064729354
-0.0017593338429674837
-0.0009304745037140848
-0.0032415673624599088
-4.838050911028149e-5
0.001206433882121246
-0.00021224595872029462
-0.0014629020158059632
-0.005859484238584691
0.000716866153428263
0.0013667778246246685
-0.0006349761794445693
0.0012953740937811135
-0.0011362620564127014
0.002037199035108936
0.002603926336427107
0.0020030607684887116
0.0028430581435511175
-0.0011930632150034418
0.002183445574089091
0.005251765872488729
0.0043406689009402016
-1.1402742095152337e-5
0.0012436796466001356
0.0012718623745700854
-0.0036701957432025913
-0.003853085749652848
-0.0042956084641063335
-0.003648596247606864
-0.003872927670347501
0.00048628728397658163
-0.0037268690731236784
0.006565820465063259
0.003904509933990184
-0.0068796841966973395
3.2238311400987385e-5
-0.00047518131312399757
-0.002333266660700353
-0.0016480897849063079
-0.0009215975036678481
3.3194430176875865e-5
0.001172886375235603
0.0035607706626189476
0.00226580102935786
0.0010764490720888158
0.0003867806051386051
0.0031962566379379015
-0.0020606407109693406
-0.0020813437405509515
-0.001453676865760521
-0.0015702515219639267
-0.0019193882347207465
-0.0017718460216407262
0.0026507674579647916
-0.000648613927401617
-8.478049227733852e-5
0.0010075659671135962
0.0018588345296732744
-0.0015569821791700978
-0.002103457638751272
0.0015901692088539246
-0.0018852750215987047
0.0002150208706190262
-0.0010293936928181212
0.0023605199298183366
-0.0013196956929076786
0.0017438874402104362
-0.0006731396928994143
0.0003970373803538303
-0.000959003276462239
0.000636313973571362
0.0012704336797319112
0.001966882764835237
-0.000728693756981263
-0.00012750731892933833
0.0023552583533681783
-0.001845894781811734
-0.0034340362544050124
-0.005081730391803647
-0.0026133849294149346
-0.0007825410836374498
0.00012520928508899455
-0.0030303806914768424
0.001791071341065788
-0.00044450722237229735
-0.003578588355911181
-0.001298166193898715
0.0002452148624224423
0.0005183562260193608
0.00013716357009369812
-0.001039042077630972
-0.0004930242474478689
-0.001949952689076916
-0.0005213685586379686
7.429297138562554e-5
0.0011215184315782791
-0.0005575448865332768
0.0008601823369079389
0.002984055141586069
0.0007682996249832643
-0.004996307260745662
8.566468759902515e-5
-0.00030002740287271736
0.0032381802328245147
-0.0008304989581563932
0.003324994373945925
0.002791736807343888
0.0018341990923953723
0.0023268009273246155
0.0022731020282840218
0.0022228029991384927
0.0005617549452229402
0.0013648088077275098
0.00014104271674380233
-0.00030176965575313237
-0.002918052481176021
0.0021797679414649004
0.0005445167895033973
0.0005534960282315057
-0.0011289570537985402
0.002325662385016829
0.0010819112888639018
0.00490832390575303
-0.00165212248911801
-0.00428081233379719
-0.0018960917078356609
-0.002833201688889439
-0.0012486866609028218
0.0004979208962652806
0.003520101579373963
0.004091115559728419
0.0031762669486200853
-0.003373898282061893
0.0028763318517742837
-0.0016165461887700974
0.0008038789795133518
-0.00048569923481896134
-0.0009320066257691758
-0.005424530977839158
-2.6515030227130694e-5
0.0017357351090306564
-0.0006487775023278321
-2.2555356830838677e-5
-0.0032901859913980983
0.0028690796602501055
-0.00012235158227591122
-0.0017307449546034581
-0.002134332701165715
-0.004164870137424799
-0.000350295537415602
0.0034000706972728122
0.0027108743474377806
-1.0061383028928965e-5
-0.0036877597086295982
0.0003305705443200533
0.0022969728129995826
0.000871794530675471
0.0012581754125458831
-0.00025063401273110557
-0.0024815879304656615
-0.0022853921316239784
0.002610780292928108
0.0026663089222288723
0.002590343182140453
0.0015435320276341626
0.001114513010086439
-0.0009340542128262668
0.001353064445200081
-0.0004739572720616999
0.0005866509349472412
-4.678297320923166e-5
0.0007059466345874703
-0.0009116126365631853
0.0016213259194222719
-0.0021094856893132514
-0.000935611188020441
-0.0004807775440366112
0.003411400463554217
-0.00012650430833790246
-0.00010357128262856771
0.0006960974719377087
0.0010599675311265008
0.003511671390606285
-0.0008691140228653534
0.0020732480197764086
-0.0011692764701250148
-0.006537203386852076
0.0033437281804162304
-0.004994229336836111
0.004717296614874146
0.00563514751441785
0.005520882787569761
0.006177204132146321
0.006116172435448898
0.0017803619902846718
7.178170775570819e-5
0.007630821658246136
0.0009572372136413196
0.003148275218376865
-0.011146661509082459
-0.01588602586151365
-0.01702913039729705
0.0034450777012731393
-0.0010856676890902783
-0.0019413570589894703
0.002437508195881946
6.166635027184509e-5
0.015084853125812342
0.013043586387680344
0.012276236916255978
-0.017800718059402955
-0.018702927445786718
-0.01742451187250711
0.012590304994906138
-0.010566183081918227
-0.013825202025181655
-0.013877713240309375
-0.013918194703545958
-0.013768848013003224
-0.004628312891082972
-0.005289018145830032
-0.003739161348997004
-0.006201008932310166
-0.005921092774518824
-0.005322103946718463
-0.005470329100380242
-0.005746893051367238
0.0032122773252655445
-0.0013980823564954292
-0.0075847503727866205
-0.005008996240100975
-0.002238145630113444
-0.0034696336922257205
-0.004575845743897947
0.005259212409005669
0.002837967429267667
-0.001198953897765076
-0.0008433688955024488
0.002893182213926134
0.0035760178252613774
-0.01630065318340097
-0.011359010317151601
-0.0025195282110571054
0.003431726078646342
-0.0008953511276667812
0.0021350568370181863
0.0026905398935679835
0.0016318995023748323
-0.006265086331162842
0.0022261236923872265
-0.0006580561690263698
-0.0022545045818667016
0.0005437101446168176
0.003366756303178859
0.005145154758842799
0.004750647586572405
0.0029097210860341114
0.0024567892451490543
-0.0014630066422612182
-0.0011970279241501943
-0.00039756546496973633
0.005810495938386059
0.005485034901861796
0.0010022225692366074
-0.0033361676953733935
0.0015263792732577949
-0.003485793686786681
-0.0037572886400662974
-0.0054703577730859715
0.0016132706937698744
0.0003349637673579598
1.8883951793381962e-5
-0.002123629624561352
0.00022441471257416733
0.0022581152585213326
0.0022621890028862567
0.0020321393588784292
-0.000990054827508533
0.002359839950525481
0.0004193656326348998
0.00030699275072924664
-0.001233076625565178
0.003818321074340751
0.003741241638885247
0.0020743338100276936
0.0004002221481551469
0.0004832670913474486
-0.004051689432188887
0.00025766678400447786
-9.725936565140692e-6
-0.0012330611027529974
0.002125459950377688
0.0018992488801659489
0.0002607873786374461
0.004001062538780244
0.0036733088311998938
0.0007838139479999786
0.003488086493606176
-0.0009241275246746298
0.00019843906973542361
0.0015387988362325163
-0.003962621295323917
-0.004693386145030068
-0.0009891535687588065
-0.0018942135374295176
-0.0040289108751530595
-0.002583027100776803
-0.0007131248218947959
-0.004714775711976533
0.003804897955820795
0.001942867044132345
-0.0016639330868859527
-0.003046037757215791
0.0007087247668273811
-0.0019704557593038003
-0.0011972624071093264
-0.00301615999610467
-0.0005315367270059482
-0.0034838495228169085
0.0012402770957348737
0.00026028100117643564
0.0035525426426641937
0.0022481079041135536
0.002218864080846689
0.003779134673202888
0.0012646450943768828
0.004644820814794021
0.0017973892273826092
-0.0012915410951743476
-0.003532399997890959
-0.004276135993595303
-0.004251028856061845
-0.001495221800585297
0.0018754781625474845
0.00012799585030514668
0.0036626415348317096
0.0035805887058781923
-0.005424085894224432
0.001160093659191078
0.00208347266761242
9.830465283770656e-5
0.0016318531729543051
3.329761381020439e-5
0.0006452874363455065
-0.0007339895553091837
-0.0030315958533158605
-0.0026505387761793235
-0.0007801606118355765
-0.00023930122457495998
0.0006573437843965469
-0.0013447452510382861
-0.002684978203170576
0.0014759420192789903
0.0023523672660956583
0.0029925885030388536
0.003756968084899191
-0.003766844320088944
-0.005820590069864436
-0.003937661735295532
-0.0031829042399682313
-0.005453139024875192
0.0015101401563648448
-0.00026384199061660086
-0.002358723946067732
0.001934903168661327
-0.002858981663352829
-0.0008061986793385912
-5.828272926732369e-5
-0.0018408325385906555
0.002228279279667972
-1.6323950201034984e-5
0.0031540060072422714
0.0006599441969328258
-0.0018004585740873998
0.0051768536090298365
0.0036514687428129246
0.0039517663207968325
0.003798110828730021
0.005226278532112971
0.002311993972075405
0.0026005854381262387
-0.0005545444717336052
-0.0003337038672166512
0.001381770266443876
-0.0006021938953081622
-0.003077742676338476
-0.0013118068196762075
0.0019729830469601512
-0.0017082639377643484
0.0005393101908926877
0.00021783649648782203
-0.0002835360543702082
-0.0014581097536422373
-0.0016424627853065595
-0.000660717048288891
0.0002010297194568841
-0.0006414609811329153
-0.0002568138330113196
0.0015908734490784136
-0.0037310598743617164
-0.005162310456114234
-0.004118153268921898
-0.001029022408501115
-0.003008809665623231
-0.0016991596893078304
0.0005536337394353375
-0.005918208141633582
0.00042165803041172614
-0.0011062674566676292
-0.0003371518964470904
0.0017294242268897132
0.0018170684970191372
0.0011609400535272647
-0.0028395093320732912
-0.002289605768958139
-0.004981786094556122
-0.0051940464380040765
-0.00461026629046434
-0.002518685385335787
-0.0027517819987498715
8.881106548285148e-5
-0.0020604278072896914
-0.0011077363713826054
-0.0019897170805924067
0.0017175137805708496
0.0038460861337280064
0.00395014369823008
0.003489017444218101
-0.006256140119995115
-0.014273732926950255
0.011317538924441234
-0.0004187057862953995
0.006542251678243556
0.0005800859065753054
0.0016058718136884042
-0.001431806264007899
0.009066642940525883
0.006176269840577559
-0.005178966001189819
0.0011731540943199091
0.0014538418662284481
-0.0005173610761962332
0.009473199803095746
0.00819846977632862
0.008382349869095695
0.007977998816987183
0.0077805832520024334
0.006562079209284682
0.0064241396570245924
0.005744388304639611
0.005466087825524089
0.005550230433043839
0.005780960610770894
0.0051904605437162405
-0.0006393451871459102
0.006490718342666825
-0.0005811450771552593
-0.0005232023829103076
0.0011033162362941921
1.3573953627386665e-6
-0.0016824472474985168
-0.0013976541712627248
-0.0007979152356130681
0.0033780945766535616
0.004455531669030064
-0.004353995690959783
-0.0008114465435010134
0.0009950262485095267
0.00018569355128677346
-0.001999765290563258
0.0024059456390469964
0.003798058701607272
-0.0020529759942912655
-0.004297180253584885
-0.0021620365484341453
-0.0046004631767807705
0.0013280762258853149
-0.0016326332019969566
0.000795220967594445
0.0030575695237401667
0.003316623382805899
-0.0019183433469297238
-0.0029615944232325225
-0.0011879447321951023
-0.00048801619082834
-0.0013401852366706271
-0.0007514811673576975
-0.001429396371634314
-0.0007139982617383918
5.0734799672845654e-5
0.0015348046781981642
0.003270144272407648
-0.001798089007043889
-0.0001670830321966507
-0.004016407158242385
-0.002496347605837812
-0.0050906072339795844
0.0032407453581966674
0.002449174519926838
-2.4704067025727158e-5
0.0007977060819122231
0.002149756575677507
-0.0011214218916140398
0.002586912990531964
0.002113077930404391
0.0018427896159502687
0.001935975714924365
0.0016388370156693232
0.0004819908383652065
0.0003755154236310399
0.0020432795066242814
0.00447491391195668
0.0027609140775739214
0.0009475739887854085
0.0015803378870837392
0.0020216528783878556
-0.0022500119610353495
-0.0011282972915662467
-0.0035860919558856675
-0.002494298789890774
-0.0017146909217724228
0.0026861779651996716
0.003789703425206275
-0.000517218451442739
0.0006331555382852375
-0.001696379238147757
0.000712342997299057
-0.0024277898628006843
0.003834010505811008
0.0018950331257583306
0.0033176258825552613
0.0015916787307783938
-0.0008494390116711915
0.002176532002684467
-0.0018318759110210654
-0.0003851149462300076
0.0003588365897001146
0.0037912489563059755
-0.003917891279172966
-0.005562176151788276
0.00045384879537839257
0.0035491495293970884
-0.0009756368922639126
-0.002034459550037688
0.0002449229305536447
0.00120810278874198
0.0005523945817165621
0.0014693959862799278
-0.0021341717076952356
0.0026589348001725727
0.003417747669796525
-0.0005499252618129866
-1.9527285318373306e-5
0.0027943033931427234
-0.0009595583705512082
0.003400145678710541
-0.0029974484164085754
0.0006464740107797572
0.0017469346170322557
-0.00032365656874930917
0.0025358586355286985
0.0032124714385710525
-0.0004274098715877002
-0.0017735092023749496
0.0010799002391205649
-0.0022037662042084885
-0.003960827095436514
0.0009357089870399304
0.0011568802903613896
0.00067387466527268
-5.51847341861332e-5
0.0027482929165345356
-0.001849864862785552
-0.0009813534144703774
-0.00257177954589479
-0.000509436726658414
-0.004213993922119868
-0.002693541017338051
-0.004212637395393632
0.0006209836193402198
0.003007844154109568
0.003998590826757457
0.0009460971198844816
-0.0019353669909736376
-0.001635456565498284
-0.0007889956681534388
0.002497206570798686
8.208101254221263e-5
-0.0008372970482027018
0.0020309078308264525
0.0007024633114658646
0.0012347704272524997
-0.004107163647207391
0.0004125536906902736
0.002468107009257689
-0.001186854625329671
-0.0006781577711591996
0.004014786765159379
0.0005196802530983875
-0.0014696240176004325
0.0005287711139295332
-0.0013138627502005463
-0.0014505245981683635
-0.0017518672787972802
0.002510865842721777
-0.0007996685904409233
0.001652865924754918
-0.0049848054801709665
0.0014712704722020548
0.0023056913450075897
-1.3910362864088651e-5
0.0032403157079019585
0.0021888882586852476
0.0010179287013805589
0.003619357789969308
0.0040088530765022955
0.002553249848485716
-0.0012915788109385306
0.002472992139035117
0.005001267227900079
0.0032392764757788756
-0.0011385322923324987
0.00202240924033485
0.0020556439837411344
-0.004475944646989951
-0.003245903167200313
-0.0038577635903785782
-0.004576220379444304
-0.003553649819671841
0.00033107782583310084
-0.0020039827659779747
0.006380466730570299
0.0031502795312209797
-0.005376027946954556
0.0002860805210517754
-0.00246047394559223
-0.0014652691530397854
-0.0008620867669263249
-0.0012215633613726813
0.0007627191770340846
0.0024050678901413724
0.003581539576698039
0.0023593385323876347
0.0008478235743168072
2.8362637174118677e-5
-0.0003821218193363592
0.00013235160146023942
-0.0017494942802255512
-0.0013228598801269436
-0.0014119329226039829
-0.0014167969815039143
-0.001032038706203665
0.004036894045765168
-0.0014511962030083346
-0.0005875028176677017
0.0012049018450485775
0.0021724826039081946
-0.001500827943507049
0.001274939334249483
-0.0030465085657509243
-0.0029831514104393096
-0.0010935797194361252
8.807639723406045e-5
0.0033406757750299152
-0.0015434158818134164
0.002836422444840531
-0.0008598360783761483
0.0018104481310900814
-0.0006288907353731581
-0.00037565190843917264
0.0028492820485797226
0.0009912640891376247
-0.000969097982949106
0.0010288918245187214
0.003993239056492373
-0.0023867155365900616
-0.0017735701424143214
-0.0023104707657629667
0.0006935300063288009
-0.0015699626466239682
0.003817517125912567
-0.0018301385973356825
0.0005028365992117132
0.0012229316154471872
-0.0064087014587996365
0.0012348685785202955
0.0030367535308751105
0.0025924267313697964
0.001231531173944005
2.4037962058332213e-5
-0.003007968711637848
-0.0029054240238719315
-0.0015319047477240632
-0.00025760480176738684
0.002044251853760099
0.00018518229453428007
0.0012128507023568586
0.001636725385977893
0.0017341052987989096
-0.004416984487230414
0.0016346019773064678
-0.0016502162930933264
0.0008926964647965656
-0.0036783533064650127
0.0016550335713192202
0.0043683278352376845
0.0016906945748097631
-0.0009836299729178027
-0.00024497576174713686
0.00042083079403379707
0.0005096388837515645
0.00260142129846003
0.0010036073191494427
-0.0035218949807515093
-0.003951172235706836
0.0009048308449166322
0.0021734707083899824
0.0001472542881361819
0.0020313180848617915
0.0007130425327660486
-0.0007980063158950527
0.004396755851957564
-0.004493162854890257
-0.004904852072978648
-0.0024202995677209452
-0.0005149546381234668
-1.370074920232448e-5
0.0009121243438284103
0.0030053949681559276
0.006603874945886503
0.004429213016374324
-0.00175749655877102
0.0012892164960356754
-0.001200731097327465
-0.0009266731072546951
-2.8426617671607396e-5
-0.0008758518172931997
-0.000785498166142408
0.00034432798343349985
0.002860938449019467
-0.0011990233837477291
-8.66777029018326e-5
-0.0008554918989296927
-0.00011995217793135192
-0.004375605682410169
-0.0009428365619782853
-0.001216304211504913
-0.002995945530211647
-0.0061324482437162065
0.0039470990054550886
0.002923074142301744
0.0009532584920884987
-0.0007739666856174013
-4.9211263662185564e-5
0.0018218581716149052
0.002000951149698166
0.0018285883458715405
0.0015079788988406212
-0.0014047934888732749
-0.0012982597853816117
0.00038828758256909406
9.328069062019428e-5
0.0008737446319459567
0.0001358065711900072
0.0015785079562812062
0.0014098674124438315
0.003137645639999635
0.0026685863238777013
0.0005861040601286054
0.001049430923472452
0.002535175615676273
-0.00023677218780133078
0.003090739243265133
0.000342523139694787
-9.94017512219731e-5
0.0014630308844761572
0.006522459734215608
-0.0011370600104049962
0.00013314645011367106
-0.0007874339898099721
8.399985092868137e-5
0.0009307377142481314
0.0004353852751896126
0.0011322640587301581
-0.0004380031092474049
-0.008125770612161675
0.0025660147059545766
-0.005142756277820543
0.006637307101108498
0.007101341503628605
0.007388417722517494
0.009033596298308487
0.008998657596957763
0.0016719382365819092
0.002831127635436646
0.007803981925211667
0.0008877031578928211
0.003381274302184076
-0.01246967368583721
-0.016838981697061165
-0.01709880311286487
0.0006051151392409617
-0.002552108715069956
-0.002296054156194521
0.00422950199868632
0.0014801820669669858
0.01230004803296701
0.012861857850296447
0.01245443824705465
-0.01749090859235771
-0.017493972853791426
-0.01660086848219464
0.013202933024192703
-0.010937341697438626
-0.013763146834103217
-0.013664168159655127
-0.013504015707358727
-0.013456986222888961
-0.0027687104078516723
-0.0047483892383589224
-0.004384568084910063
-0.005648604306378677
-0.0054494983199117756
-0.005604471627803893
-0.005374318754178454
-0.005611162794445137
0.004525735202740385
-0.002364591005134016
-0.005207276973978956
-0.005827846252392092
-0.0015951716547091801
-0.0031304570509103334
-0.005134240969238772
0.005266509050263562
0.0060240527477524826
-0.0007612011804238941
-5.261694247385685e-5
0.003224929162291564
0.0027735068005764734
-0.016550863752483526
-0.012547395057346509
-0.0029118793229763055
0.004340158584186026
-0.0051240271457378824
0.0026629052362861284
0.0035125449051380594
0.000767791261186674
-0.005935622900817944
0.003642960724615324
0.0027810714088874113
-0.0019680228477168163
-0.0032638470063833806
-0.0016796762270240738
0.003748384241947621
0.00525350068518436
0.0028522409790236246
0.001220669179663242
0.000597120346186795
-0.00021299012776035067
-0.0018224339267427885
0.004310082494378758
0.0035432999814058127
0.0013726004923183442
-3.7746547769098425e-5
0.0019337806301120686
-0.0033327830350215657
-0.0028086404022496674
-0.0023838936855441265
-0.00029326747675207174
-0.0013162108483000326
0.0019100351019590246
-0.004173210109250735
3.8944705358255174e-5
0.0026225869454657097
0.003224870181453783
0.002626288961145326
-0.0023073716492724335
0.002218196430311324
-0.0015738231745153612
0.001876711860078415
-0.000858763447164826
0.0023795570984110038
0.0014314595314371085
0.0005612990889292926
-0.001029370937294327
0.0009317546134139705
-0.003456227688337505
-0.002845990173105351
-0.001980199677505641
-0.0006752645478190356
0.003356909347033231
0.0020879830316835827
-0.0010095045337222607
0.004677839923266404
0.005107175575074985
-0.00018393054893747185
0.0051213079471316
-0.0021488499028006025
0.0014169744422637028
0.0025150066650324607
-0.00647139209272748
-0.007258692411294941
-0.0008491612444512991
-0.00269434725159174
-0.0029024097050868365
-0.002016044223661659
-0.001880246139200708
-0.003138452684716838
0.004186402786416254
0.005187846600263935
-0.0030474402016981207
-0.0033900351169879428
-0.0037676255512484945
-0.003210404594332313
-0.0030208237510935695
-0.0029356660286575997
-0.0003085927322612755
-0.00298399946842062
-0.00012718761821491344
-0.00024393786941461238
0.001890226009071544
-0.00048693272111254536
0.0015152349873333785
0.0014518683113675316
0.0018269053736538223
0.0007512625010156342
0.0023226079987375718
-0.0005900836290780325
-0.0012089063859008027
-0.0014058620355760798
-0.0015502742962567654
-0.0027407912875970545
0.002778417128208851
-0.0007780233965928371
0.0049441131992533196
0.005300824860650636
-0.0063795566505216155
0.0013932308820591261
0.002061089867812326
-0.0006800182237620308
-0.001203837387186013
-0.0007523531452282221
-0.0028673770531702104
-0.0008815622390630852
-0.0034336335841129956
-0.0008200585195964113
-0.00011998517452247156
0.0013066484981216445
0.0002768700726619049
-0.002316237066947055
-0.00016435383982392988
7.159833050005255e-5
0.0024418859874052565
0.000499832320752996
-0.000984996848411775
-0.006022848187786816
-0.005377216438587698
-0.003956664629347717
-0.0024657149822096087
-0.002268924379017927
-0.0006363439737417753
-0.0013357805769008925
0.002613290796238053
-0.001363519881291238
0.0016115997482175632
-0.00045981483342905565
-0.0013567325853351955
-0.0006424046903350023
-0.000675800622197964
-0.0015168530348945446
0.0033176820751891676
-0.00012538669723438585
-0.0005816782980530615
0.0026401237802162326
0.004425219491240973
0.0006825109913811825
0.0024788469309925333
0.004925457444138402
0.0022847769884193512
0.003399292670136744
-0.000303527373963162
-0.00015233867864477955
0.0008322203271973557
-0.0003099722242785236
0.0008865984016339719
-0.001276155369786084
0.0017275071974984532
-0.000834950021224535
0.0007007990161699682
0.00011529690635367819
-0.0007792610728783729
-0.0009679628653260726
-0.001748670620269983
-0.0009609944435624934
0.0014347788539724317
-0.0005786649725776227
-0.00010454502259858535
-0.0008126979880755237
-0.004128984944916338
-0.006688012900081803
-0.006321231771975447
-0.001616119957413256
-0.004029798610803545
0.000997249697694196
0.0009929236123389236
-0.0038452498633204336
-0.0023845326125073365
-0.0021779204470347047
0.0017397244217550777
0.0015180044012731277
0.0013084267818259158
0.0007804659888066372
-0.0034401741876768357
-0.0011894650118855908
-0.0045314878122789115
-0.005498750781488575
-0.0057666260448000824
-0.0017781758069153831
-0.002706998911167459
0.0005722235584026607
-0.0013340218373504938
-0.002249910686008727
-0.0015328982800661606
0.0026167190991721557
0.0015844410262885688
0.0031035866287326803
-0.00388254443631053
-0.005779062279655178
-0.014491512183447009
0.010617540332472688
0.00217713837189597
0.004903024329161909
0.0031740605851041295
0.0028519957672511306
-0.001817045801745435
0.0097797449959287
0.006734749638462912
-0.006409426160174621
0.0011953060994819027
0.0014047982437713064
0.0022620498220333376
0.006346609991250654
0.007947008892424336
0.007503178467256588
0.007679886869724312
0.0069515342345090455
0.007489621342003956
0.006990903901775339
0.004186133960509617
0.005085231344674633
0.005273240016815762
0.004236356336470838
0.004489210310227356
-0.0021057335733832964
0.005449603666904473
0.0003728375199045338
-0.0010813391999373902
0.0002568932882872663
0.0018933548419618374
0.0009630193998914092
0.0005628658528675296
-0.0022684643060046665
0.002561911905418249
0.003165508091654176
-0.003822843180713183
-0.004924203325718836
0.004058645207571619
0.001995743548636611
-0.0012516002747455538
0.0016820381017317188
0.0015818965697212805
-0.0016901052109026227
-0.0033626264427057614
0.0007527029253490244
2.6022915129555918e-5
0.0007053794846188568
0.0028215708106704325
0.0008843559815214814
0.004615230853917464
0.0011770396066029302
0.0020342703771388817
-0.0027590837321452982
-0.0005561477492739928
-0.0011719644407608817
-0.001374300811016752
-0.0010159020594058595
0.00019949354355961284
0.0009461584353539019
-0.0015518031413105737
-0.0011022587424787368
0.0015958737517488605
-0.003970014098627698
0.0015170529985379876
-0.005587177013435663
-0.005272624478762918
-0.004053796298857387
0.0041081565979860365
0.0034385192684536626
0.000476702420458513
-0.0014083653389385443
-8.916880901957144e-5
-0.0008352168783808824
0.0018932717140976946
0.0026999890135281004
0.0017311788318486137
0.002463545842206464
0.0025380021202943753
-0.000340178220150995
-0.00033964917713146073
0.001645553089688884
0.004121873276432131
0.002910635570688908
0.0016190427834120238
0.0015761663286342515
0.001634807658294317
-0.0039524612687427685
-3.506654814259767e-5
-0.00044109716537444184
-0.0011376054973764854
0.004287453188999381
0.004957827025968578
0.000847564915560162
0.0017912315586553723
-0.0001563001854880166
-0.001636324857527919
-0.0017840365110800747
-0.0028647567190288044
0.0035085661964076383
0.0046993043027761675
0.0052541983454767235
-0.0026214706263443283
-0.000898391161281371
0.0001009273812011178
0.0003235111156725923
7.335185851395435e-5
0.0005822781449690503
0.001965784106964321
-0.004404267909392129
-0.002565840937408511
0.0025080695982823407
0.0028129374160135393
-0.0036608029469532674
-0.00410236396556509
-0.0016566634845144035
0.00015403414851843482
0.0008436504899559519
0.0020677279880468285
-0.00018445102463777026
0.0026676509174874503
0.002804940763376118
0.0019517481745652534
-0.0014823305130613335
-0.0003059726360561902
0.00025425112405538883
-0.000447430690562627
-0.0021650388402383648
-0.0027822442600244036
-0.00036890009165258875
-0.0004717765653026505
0.0031988801242705148
0.0019104079035425423
-0.002120083927933781
-0.0009625793365095346
0.0005601212201477718
-0.0027793089227572134
-0.0028061008022457344
-0.0014107931394585938
0.0004391925272490596
0.0005495390549985815
-0.001822412973757492
-0.0014115110096193154
-0.0003234267566541243
0.0013662148834024139
-0.002672430388510086
-0.00031494810348188523
-0.004502199835009261
-0.0018422852684200047
-0.0017075827846989556
0.002029564552706058
0.003942881101498823
0.0034721521595244584
0.00042438511503510194
-0.0024937643042317274
-0.00029354026513844046
0.0005814509900170335
0.0020831030753646115
-0.0006141456559248806
-0.0011330122057630933
0.002160374958867356
0.0033897481617228315
0.002347001855122483
-0.002534890405440195
-0.001592265080395573
0.0015362921443319163
-0.002735493066933952
-0.000680371083739129
0.002664521944904826
0.0009349977676123025
-0.001706393988875181
0.0005390344292394452
-0.0001879673809290436
-0.001681805621198704
0.0002791865851535149
0.00046677644188013455
-0.0010325621156694164
0.0010804532016709112
-0.0050863436477476855
0.001384380581674013
0.002774321736353002
3.719657146308199e-5
0.0016674721525772698
-0.0009663575205873537
0.0013885961615146126
0.004027484777717728
0.005215379262475359
0.0036991155734868147
0.00022865449451368712
0.002959832591492225
0.005653930860150203
0.003956781621656323
0.0005069853242574562
0.00131704058214958
0.0013591335478162342
-0.004497071866215704
-0.003486304907790219
-0.0040294873401019215
-0.004252986973595927
-0.005234365531153994
0.00025464104071887364
-0.0030043295393836515
0.0078129122458697
0.003596010493505268
-0.006267378958732996
0.002851521907128878
-0.003510668813809036
-0.00324281618157322
-0.0026540733861841847
-0.0022981027003493
0.0005786637291154311
0.0020902828860514186
0.003631162033734691
0.0004941973544643827
0.0008466350874219681
-0.001986326166862575
-0.0012984364207288149
-0.00020273820904289402
-0.0021259302990183646
-0.0008551978078382487
-0.0028466664481155636
-0.0007278442727676202
-0.0004606258802927011
0.005252262707446133
-0.0011677639230767624
-0.00023462136969148897
0.0011003896104793392
0.0025632897576192983
-0.0012719256526857172
0.00043885066882915993
-0.0031120102717194847
-0.0016198370429939919
-0.0010674893933548943
0.00010427648995004956
0.003179062539300938
-0.00228123250610222
0.001104302673238667
-0.0015778221544454185
0.0005958762958679037
0.0003444062900048287
0.00016033995983528136
0.0017429420689002652
0.0027224669031667165
-0.0008595636216110396
0.002522791825113954
0.002047475326238948
-0.002397426487246499
-0.0010980785664888454
-0.003485036999127703
-8.022836712203388e-5
-0.003058782725594772
0.0010576827299164581
-0.002962870381846711
0.002103447665063402
0.0015087538285308063
-0.006304900083547657
-3.669757902632538e-5
-0.00016070236944390305
0.0008830567941908126
0.0008156015472562428
-0.0009754221671867254
-0.0007084075019506424
-0.0003266348531352584
0.0003298122074986174
-0.0004822676517734588
0.001421957132709877
-0.0014090693573389646
-0.0007510481448528458
0.0013696285087409533
-0.0007062537992796941
-0.002508202570517008
1.5181739192089147e-5
-0.000498721134354182
0.00035741137898548234
-0.0009190354008062977
0.0017452922893722033
0.004865761195650573
0.0016885142008755273
0.00031530002801741306
0.0011131849611869693
0.000379291076239545
1.9952638973667497e-5
0.0010385727696253487
0.00025301619771286475
-0.001434239298721279
-0.004166296593460784
0.0015841105241486263
0.0015963264959214423
0.001450506658375834
-0.0021916251849262423
0.00111939260859866
-0.0004891661853603456
0.004733563867464914
-0.0005934224582744866
-0.0053691627057046755
-0.001987111351140396
-0.0021003098950323363
0.00033167002234396755
5.160187184053295e-5
0.0024799797484511914
0.005546273246932046
0.004266525657731964
-0.002065377698057793
0.001748890211829058
-0.00022849084973461565
-0.0013981646730614192
-0.00011212301748927793
-0.0014560638792367653
0.0005528092689799232
-0.0008008910399630661
-6.986322657687225e-5
-0.0015824649325303132
-0.0006932990330383363
0.00118537367060605
-0.0019772494286902963
-0.0020786668439061948
-0.0005493037012794141
-0.00028315061938491415
-0.001672804435417757
-0.0034795827249621473
0.0033480937144090154
0.002302022502537385
0.0012540356394955795
-0.003455033305806067
0.002499523865720637
0.0021100856973680863
0.0013394810437185607
0.002845237130249354
0.0017763289656755241
-0.002100876280368139
-0.0025234985485048755
0.0032030909195905396
0.0023138827208346435
0.0032958835484359966
0.0044906746948460575
0.004338317746489272
-0.00028158467464732285
-0.0013259278602696695
-0.0007752882267455094
-0.00015926847674865038
-0.00035984986061237675
0.0014534593144171345
-0.00023990208663216328
0.0013323512435109662
0.004133750040680958
-0.0024160004828169424
-0.000659098301836618
0.006272074305505162
0.0023706428305322776
0.001266204871875679
-0.0002159851805068098
0.002634355193466374
0.0030469176303772627
0.0014602879152560795
0.004926204376265596
0.0011126581493682943
-0.008948171862769014
0.005514469985072118
-0.0071000542844195545
0.010838177520211434
0.00999475080690018
0.006928562179980368
0.007410374433380711
0.00738695588664341
0.00017858292535031384
0.0011077927923845762
0.005775592697201393
0.0002984239499559686
-0.00010782074420538054
-0.00996227467738002
-0.01417157860219953
-0.017553307302807887
0.0023465287924524635
-0.0028753754959051666
-0.002569539442958807
0.0010813980910433496
0.0035179650842910365
0.015565618283991377
0.014096140672072521
0.014251306309469015
-0.01914106216475929
-0.019647083656420376
-0.019319347064950854
0.014152585232167135
-0.0107058477148283
-0.013600296607057577
-0.013584355066272747
-0.013496387021350994
-0.013224062491744194
-0.005071087415155131
-0.00457671853747204
-0.005332388427945078
-0.005228038788232781
-0.005175549669574211
-0.005317718485997293
-0.004959309627146533
-0.004718617827330223
0.003421917969405949
-0.00042530784541801157
-0.007422165328824045
-0.005733888276053039
-0.002169166896396075
-0.0025802992211617255
-0.004888586811671218
0.00400352187252586
-0.0004791150493665661
0.0014675923061248102
0.0010684021296473315
0.002429840187682687
0.0017786406007427261
-0.01636997456299429
-0.011630663042563423
-0.0022335111469826297
0.0035439692717409996
-0.004539957429094244
0.00245901037125954
0.0012417323263079543
0.0012787533466535339
-0.008413938590017815
0.0013446551433998065
0.0007475679815954436
-0.0010239992080144124
-0.00044046590372499996
0.002100115793563709
0.00447499806988632
0.004558738658474657
0.0002950011770974075
-0.0013458170087909498
-0.002722999277500409
-0.0012526559393793882
0.00016876469821228292
0.005810119210741906
0.0077786935054153525
0.0030519593813293226
-0.003039483292681661
0.0029167338587220955
-0.0015879841458967994
-0.0029998095009047578
-0.0034598813094744787
0.001888979938165246
-0.00026450224586675936
0.00033424357306732544
-0.0031442456868418047
0.0004341876189736726
0.0012323165586068797
-0.0002605021627133447
0.002272900677510766
-0.00225901398978703
0.0013977583903776133
6.118190322216367e-5
0.004217844234380352
-0.0036248601261074805
0.0001796009882684367
0.0007456622503846264
-0.001662960580709091
0.0030504241993427046
0.0019119681517820435
-0.0029432250422746476
-0.0012631969758516832
-0.0030203574705950096
-0.0025655183553109006
0.0027196630798339482
0.0009076222079082459
-0.0011684571615452662
0.004185444142680058
0.0023503740185020832
-0.000593522956576645
0.003254865380196763
-0.0018390463690005833
0.0015784376498143508
0.002357287755948215
-0.005370791988243745
-0.006004225536002633
-0.0012810692975684709
-0.0014701359169630836
0.0006672912459941182
-5.7377925665486634e-5
-3.0530106535380894e-5
-0.0017623735787428085
0.004640349664974103
0.005576270188087936
-0.001969503368117447
-0.0013316897740472365
-0.0017058327350659877
-0.001763458130481399
-0.0017019452508580848
-0.0024226471176244787
-0.0007841669431937601
-0.003887520064516085
0.0017755534611953857
0.002033620051508492
0.0031159291937783024
0.0010508651867245596
0.0012773057360757937
0.00038023335577959074
0.0012568064341143222
-1.2217698551045056e-5
0.0029462818837755977
-0.0012205425940400349
-0.0005238043015066521
0.000332717480705077
-1.5830783155883405e-5
-0.0015593261407366207
0.002352970866045052
-0.0010161092054541143
0.003485899802291603
0.004309114579872432
-0.0053333708671102435
-0.00024041330101919718
0.0011811111332991186
-0.0010340914449192841
-0.0005020698166203491
0.0010473671133367016
-0.0015896640557610385
-0.0011237089656635744
-0.001670022600982646
-0.0022198451208319263
-0.0013569358179692723
0.00011050869524425032
0.0004368297769627249
0.0007848579008099808
0.0017663627312251053
0.0022172136359844526
0.002285543778890158
0.003508117193728997
0.00234133642708813
-0.004811146604327055
-0.003921871295220569
-0.003427243933554018
-0.0018253554511826432
-0.00016165806237641059
0.0014287773138438721
0.0011099682723098856
-0.0008303131894210306
0.0002688628237265261
0.0010666628078008136
0.0007936440236751593
0.0006444900881762296
-0.0008201902595555864
-0.00012346659849547822
0.00045739197224465504
0.0028348210060455663
0.0017180001165181618
0.00024947018983828497
0.0018618677388352381
0.002565142620988995
0.0017109126634480979
0.0038271605836875085
0.003088575464286684
0.0028183802346703874
0.0026504894784940623
-0.0007035203646993619
-0.0016347324943187555
0.001992902623526299
-0.0016660578689964565
0.0012117789352698396
-0.0006436710952024184
-0.0006087202497559047
-0.0009626007520815004
0.0009143452868780677
0.0005175564366373145
0.0002243172533632838
-0.0023944325146286294
-0.0034740918359644824
-0.0006678798112959565
0.0019057210002435387
-0.0008118417919061463
-0.0006667658183808093
-0.0023194384523783384
-0.003927251187969152
-0.0039967835278518085
-0.0024201196071573874
-0.001792077357702767
-0.003122738805324613
0.0004352176700275918
0.0003335595588119054
-0.004978067794255308
-0.0017408052257592641
-0.0013477961472415244
-0.00024345522057486133
0.002241285676254949
0.0018568568293007696
0.0032911646129510277
-0.001666506935468083
-0.001129179953553909
-0.0050372196253168
-0.0045383180342228584
-0.005924648369482255
0.0013866665852064269
-0.0024447599303923976
-7.359960678601125e-5
0.0005103208438646833
-0.00035470799393742336
-0.0005954395835072737
0.0029694564328321582
0.004127406552145324
0.003306637732509361
-0.0010634741923818323
-0.006316944319477839
-0.014329132981159187
0.010033945761282907
0.00014316375238672557
0.00492595926673041
0.004549083352014721
0.0017449231375070394
-0.0023371213046733067
0.009429805161011395
0.007416368437468708
-0.005002648335351108
0.0031897855110198854
0.00031111402766243986
-0.0005046670503655815
0.009345185194611881
0.007658537508272002
0.007994855003754072
0.008008870300353004
0.006486631887134941
0.006891512914320757
0.00528356420124396
0.004845334435732085
0.008185244198134626
0.004718795251857773
0.00662147301061729
0.005014522181153744
-0.0006675502593273285
0.005884674828761418
0.0013374119294022057
0.0014565493469373813
0.002479146910201611
0.00093274961314386
0.0055096065859841555
0.0034028695853071393
-0.001178529655816345
0.004760827194376637
0.00469085314769733
-0.005903205850369072
-0.00263444666527075
0.005422865763840901
0.0051627718261168815
0.004040192465518872
